{
 "cells": [
  {
   "cell_type": "markdown",
   "metadata": {},
   "source": [
    "# Natural Language processing for Customer reviews for Hotels\n",
    "## Trip Advisor Location: British Columbia \n",
    "## City Code: 154922\n",
    "Project Scope: Review positive and negative reviews and attribute them to specific reasons for the reviews to better understand the nature of the hotel and the reason for sentiment. "
   ]
  },
  {
   "cell_type": "code",
   "execution_count": 1,
   "metadata": {},
   "outputs": [
    {
     "name": "stdout",
     "output_type": "stream",
     "text": [
      "3.7.3 (default, Mar 27 2019, 16:54:48) \n",
      "[Clang 4.0.1 (tags/RELEASE_401/final)]\n"
     ]
    }
   ],
   "source": [
    "import sys\n",
    "print(sys.version)"
   ]
  },
  {
   "cell_type": "code",
   "execution_count": 2,
   "metadata": {},
   "outputs": [
    {
     "name": "stderr",
     "output_type": "stream",
     "text": [
      "[nltk_data] Downloading package vader_lexicon to\n",
      "[nltk_data]     /Users/krutheekarajkumar/nltk_data...\n",
      "[nltk_data]   Package vader_lexicon is already up-to-date!\n",
      "[nltk_data] Downloading package stopwords to\n",
      "[nltk_data]     /Users/krutheekarajkumar/nltk_data...\n",
      "[nltk_data]   Package stopwords is already up-to-date!\n",
      "[nltk_data] Downloading package averaged_perceptron_tagger to\n",
      "[nltk_data]     /Users/krutheekarajkumar/nltk_data...\n",
      "[nltk_data]   Package averaged_perceptron_tagger is already up-to-\n",
      "[nltk_data]       date!\n",
      "[nltk_data] Downloading package wordnet to\n",
      "[nltk_data]     /Users/krutheekarajkumar/nltk_data...\n",
      "[nltk_data]   Package wordnet is already up-to-date!\n"
     ]
    }
   ],
   "source": [
    "#Plot\n",
    "import matplotlib.pyplot as plt\n",
    "import seaborn as sns\n",
    "%matplotlib inline\n",
    "\n",
    "#Data Packages\n",
    "import math\n",
    "import pandas as pd\n",
    "import numpy as np\n",
    "\n",
    "#Progress bar\n",
    "from tqdm import tqdm\n",
    "\n",
    "#Counter\n",
    "from collections import Counter\n",
    "\n",
    "#Operation\n",
    "import operator\n",
    "import csv\n",
    "\n",
    "#Natural Language Processing Packages\n",
    "import re\n",
    "import nltk\n",
    "\n",
    "\n",
    "## Download Resources\n",
    "nltk.download(\"vader_lexicon\")\n",
    "nltk.download(\"stopwords\")\n",
    "nltk.download(\"averaged_perceptron_tagger\")\n",
    "nltk.download(\"wordnet\")\n",
    "\n",
    "from nltk.sentiment import SentimentAnalyzer\n",
    "from nltk.sentiment.vader import SentimentIntensityAnalyzer\n",
    "from nltk.sentiment.util import *\n",
    "from nltk import tokenize\n",
    "from nltk.corpus import stopwords\n",
    "from nltk.tag import PerceptronTagger\n",
    "from nltk.data import find\n",
    "\n",
    "## Machine Learning\n",
    "import sklearn\n",
    "import sklearn.metrics as metrics"
   ]
  },
  {
   "cell_type": "markdown",
   "metadata": {},
   "source": [
    "### Computing the average Vader sentiment and the average groun truth rating per hotel. \n",
    "NLTK sentiment analysis package (vader) used in conjecture with NLTK library. NLTK libraries allow for tokenization, parsing, classification, tagging. The library is primarily written in Python and therefore is easier to implement into this project. "
   ]
  },
  {
   "cell_type": "code",
   "execution_count": 5,
   "metadata": {},
   "outputs": [],
   "source": [
    "file = \"reviews2.csv\""
   ]
  },
  {
   "cell_type": "code",
   "execution_count": 6,
   "metadata": {},
   "outputs": [],
   "source": [
    "with open(file, 'r',encoding='ascii') as f:\n",
    "    reader = csv.reader(f)\n",
    "    review = list(reader)"
   ]
  },
  {
   "cell_type": "code",
   "execution_count": 8,
   "metadata": {},
   "outputs": [
    {
     "name": "stdout",
     "output_type": "stream",
     "text": [
      "Number of reviews:  4059\n"
     ]
    }
   ],
   "source": [
    "reviews_df = pd.read_csv(file, names=['Link', 'Hotel_Name', 'Review text', 'Ratings', 'Experience'], delimiter=',')\n",
    "#reviews_df.columns('Link','Hotel Name','Review text','Ratings','Experience')\n",
    "print(\"Number of reviews: \",reviews_df.shape[0])\n",
    "      "
   ]
  },
  {
   "cell_type": "code",
   "execution_count": 9,
   "metadata": {},
   "outputs": [
    {
     "name": "stdout",
     "output_type": "stream",
     "text": [
      "Number of hotels being reviewed:  78\n"
     ]
    }
   ],
   "source": [
    "x = reviews_df['Hotel_Name'].unique()\n",
    "print(\"Number of hotels being reviewed: \", len(x))\n"
   ]
  },
  {
   "cell_type": "markdown",
   "metadata": {},
   "source": [
    "<b> Function evalSentences: </b>Each of the Reviews were given three scores based on how positive, neutral or negative they were, these were compounded using the NLTK's polarity function. The values were then written into a dataframe which included the text of the review as well as the score associate with it for further analysis."
   ]
  },
  {
   "cell_type": "code",
   "execution_count": 22,
   "metadata": {},
   "outputs": [],
   "source": [
    "def evalSentences(sentences, to_df=False, columns=[2]):\n",
    "    #Instantiate an instance to access SentimentIntensityAnalyzer class\n",
    "    print(\"--- VADER SENTIMENTS ---\")\n",
    "    sid = SentimentIntensityAnalyzer()\n",
    "    pdlist = []\n",
    "    if to_df:\n",
    "        for sentence in sentences:\n",
    "            ss = sid.polarity_scores(sentence)\n",
    "            pdlist.append([sentence]+[ss['compound']])\n",
    "        reviewDf = pd.DataFrame(pdlist)\n",
    "        reviewDf.columns = columns\n",
    "        return reviewDf\n",
    "    \n",
    "    else:\n",
    "        for sentence in sentences:\n",
    "            ss = sid.polarity_scores(sentence)\n",
    "            #print(ss)\n",
    "            for k in sorted(ss):\n",
    "                print('{0}: {1}, '.format(k, ss[k]), end='')      \n",
    "            print()"
   ]
  },
  {
   "cell_type": "code",
   "execution_count": null,
   "metadata": {},
   "outputs": [
    {
     "name": "stdout",
     "output_type": "stream",
     "text": [
      "--- VADER SENTIMENTS ---\n",
      "compound: 0.8442, neg: 0.034, neu: 0.827, pos: 0.14, \n",
      "compound: 0.9965, neg: 0.011, neu: 0.83, pos: 0.159, \n",
      "compound: 0.9757, neg: 0.018, neu: 0.739, pos: 0.243, \n",
      "compound: 0.9766, neg: 0.0, neu: 0.799, pos: 0.201, \n",
      "compound: 0.4939, neg: 0.019, neu: 0.909, pos: 0.072, \n",
      "compound: 0.9842, neg: 0.0, neu: 0.763, pos: 0.237, \n",
      "compound: 0.937, neg: 0.0, neu: 0.796, pos: 0.204, \n",
      "compound: 0.9692, neg: 0.025, neu: 0.721, pos: 0.254, \n",
      "compound: 0.996, neg: 0.023, neu: 0.607, pos: 0.37, \n",
      "compound: 0.9565, neg: 0.0, neu: 0.608, pos: 0.392, \n",
      "compound: 0.1021, neg: 0.128, neu: 0.74, pos: 0.131, \n",
      "compound: 0.917, neg: 0.052, neu: 0.702, pos: 0.246, \n",
      "compound: 0.9392, neg: 0.08, neu: 0.691, pos: 0.229, \n",
      "compound: 0.9885, neg: 0.023, neu: 0.653, pos: 0.324, \n",
      "compound: 0.3612, neg: 0.06, neu: 0.851, pos: 0.088, \n",
      "compound: 0.9694, neg: 0.0, neu: 0.635, pos: 0.365, \n",
      "compound: 0.9891, neg: 0.0, neu: 0.787, pos: 0.213, \n",
      "compound: 0.9787, neg: 0.049, neu: 0.601, pos: 0.349, \n",
      "compound: 0.9432, neg: 0.0, neu: 0.79, pos: 0.21, \n",
      "compound: -0.7205, neg: 0.096, neu: 0.819, pos: 0.084, \n",
      "compound: 0.8, neg: 0.097, neu: 0.698, pos: 0.205, \n",
      "compound: 0.6028, neg: 0.031, neu: 0.895, pos: 0.074, \n",
      "compound: 0.4915, neg: 0.108, neu: 0.735, pos: 0.157, \n",
      "compound: 0.7506, neg: 0.099, neu: 0.707, pos: 0.194, \n",
      "compound: 0.9704, neg: 0.0, neu: 0.543, pos: 0.457, \n",
      "compound: 0.9942, neg: 0.015, neu: 0.784, pos: 0.201, \n",
      "compound: 0.9022, neg: 0.09, neu: 0.593, pos: 0.317, \n",
      "compound: 0.9825, neg: 0.013, neu: 0.844, pos: 0.143, \n",
      "compound: 0.8682, neg: 0.0, neu: 0.785, pos: 0.215, \n",
      "compound: 0.9367, neg: 0.009, neu: 0.86, pos: 0.131, \n",
      "compound: 0.9652, neg: 0.0, neu: 0.744, pos: 0.256, \n",
      "compound: 0.9803, neg: 0.012, neu: 0.837, pos: 0.151, \n",
      "compound: 0.9807, neg: 0.0, neu: 0.698, pos: 0.302, \n",
      "compound: 0.986, neg: 0.0, neu: 0.789, pos: 0.211, \n",
      "compound: 0.994, neg: 0.046, neu: 0.751, pos: 0.203, \n",
      "compound: 0.9665, neg: 0.0, neu: 0.809, pos: 0.191, \n",
      "compound: 0.9443, neg: 0.0, neu: 0.839, pos: 0.161, \n",
      "compound: 0.9588, neg: 0.0, neu: 0.626, pos: 0.374, \n",
      "compound: 0.9638, neg: 0.0, neu: 0.798, pos: 0.202, \n",
      "compound: 0.8962, neg: 0.07, neu: 0.79, pos: 0.141, \n",
      "compound: 0.8551, neg: 0.056, neu: 0.702, pos: 0.243, \n",
      "compound: 0.9273, neg: 0.043, neu: 0.712, pos: 0.245, \n",
      "compound: 0.9716, neg: 0.0, neu: 0.672, pos: 0.328, \n",
      "compound: 0.8937, neg: 0.0, neu: 0.749, pos: 0.251, \n",
      "compound: 0.9757, neg: 0.029, neu: 0.773, pos: 0.198, \n",
      "compound: 0.9864, neg: 0.025, neu: 0.582, pos: 0.393, \n",
      "compound: 0.9532, neg: 0.0, neu: 0.758, pos: 0.242, \n",
      "compound: 0.9576, neg: 0.0, neu: 0.679, pos: 0.321, \n",
      "compound: 0.9466, neg: 0.0, neu: 0.871, pos: 0.129, \n",
      "compound: 0.9744, neg: 0.0, neu: 0.809, pos: 0.191, \n",
      "compound: 0.9836, neg: 0.011, neu: 0.775, pos: 0.214, \n",
      "compound: 0.9718, neg: 0.0, neu: 0.617, pos: 0.383, \n",
      "compound: 0.9895, neg: 0.0, neu: 0.707, pos: 0.293, \n",
      "compound: 0.9897, neg: 0.0, neu: 0.537, pos: 0.463, \n",
      "compound: 0.8761, neg: 0.0, neu: 0.829, pos: 0.171, \n",
      "compound: 0.9545, neg: 0.0, neu: 0.637, pos: 0.363, \n",
      "compound: 0.97, neg: 0.0, neu: 0.642, pos: 0.358, \n",
      "compound: 0.9881, neg: 0.0, neu: 0.763, pos: 0.237, \n",
      "compound: 0.9932, neg: 0.0, neu: 0.662, pos: 0.338, \n",
      "compound: 0.968, neg: 0.0, neu: 0.81, pos: 0.19, \n",
      "compound: 0.9545, neg: 0.04, neu: 0.62, pos: 0.339, \n",
      "compound: 0.9638, neg: 0.0, neu: 0.571, pos: 0.429, \n",
      "compound: 0.9749, neg: 0.013, neu: 0.775, pos: 0.212, \n",
      "compound: 0.9167, neg: 0.0, neu: 0.814, pos: 0.186, \n",
      "compound: 0.9712, neg: 0.026, neu: 0.717, pos: 0.257, \n",
      "compound: 0.9298, neg: 0.047, neu: 0.682, pos: 0.271, \n",
      "compound: 0.9824, neg: 0.0, neu: 0.651, pos: 0.349, \n",
      "compound: 0.8807, neg: 0.0, neu: 0.811, pos: 0.189, \n",
      "compound: 0.9147, neg: 0.0, neu: 0.753, pos: 0.247, \n",
      "compound: 0.988, neg: 0.0, neu: 0.723, pos: 0.277, \n",
      "compound: 0.9136, neg: 0.0, neu: 0.716, pos: 0.284, \n",
      "compound: 0.9184, neg: 0.0, neu: 0.705, pos: 0.295, \n",
      "compound: 0.9885, neg: 0.0, neu: 0.614, pos: 0.386, \n",
      "compound: 0.9335, neg: 0.0, neu: 0.745, pos: 0.255, \n",
      "compound: 0.9584, neg: 0.0, neu: 0.638, pos: 0.362, \n",
      "compound: 0.9496, neg: 0.0, neu: 0.676, pos: 0.324, \n",
      "compound: 0.8905, neg: 0.019, neu: 0.778, pos: 0.202, \n",
      "compound: 0.8646, neg: 0.048, neu: 0.744, pos: 0.208, \n",
      "compound: 0.8519, neg: 0.0, neu: 0.826, pos: 0.174, \n",
      "compound: 0.9745, neg: 0.0, neu: 0.689, pos: 0.311, \n",
      "compound: 0.9818, neg: 0.0, neu: 0.586, pos: 0.414, \n",
      "compound: 0.957, neg: 0.044, neu: 0.775, pos: 0.181, \n",
      "compound: 0.9501, neg: 0.0, neu: 0.769, pos: 0.231, \n",
      "compound: 0.9376, neg: 0.0, neu: 0.731, pos: 0.269, \n",
      "compound: 0.9881, neg: 0.0, neu: 0.437, pos: 0.563, \n",
      "compound: 0.9628, neg: 0.0, neu: 0.603, pos: 0.397, \n",
      "compound: 0.855, neg: 0.044, neu: 0.749, pos: 0.207, \n",
      "compound: 0.9734, neg: 0.029, neu: 0.695, pos: 0.276, \n",
      "compound: 0.9895, neg: 0.013, neu: 0.674, pos: 0.312, \n",
      "compound: 0.9881, neg: 0.0, neu: 0.704, pos: 0.296, \n",
      "compound: 0.8705, neg: 0.0, neu: 0.817, pos: 0.183, \n",
      "compound: -0.9286, neg: 0.191, neu: 0.744, pos: 0.065, \n",
      "compound: 0.5255, neg: 0.061, neu: 0.804, pos: 0.135, \n",
      "compound: 0.9891, neg: 0.028, neu: 0.697, pos: 0.274, \n",
      "compound: 0.5994, neg: 0.0, neu: 0.936, pos: 0.064, \n",
      "compound: 0.9057, neg: 0.0, neu: 0.869, pos: 0.131, \n",
      "compound: 0.9611, neg: 0.0, neu: 0.667, pos: 0.333, \n",
      "compound: 0.9732, neg: 0.0, neu: 0.496, pos: 0.504, \n",
      "compound: 0.4596, neg: 0.042, neu: 0.892, pos: 0.066, \n",
      "compound: 0.9323, neg: 0.031, neu: 0.739, pos: 0.23, \n",
      "compound: 0.9552, neg: 0.021, neu: 0.746, pos: 0.233, \n",
      "compound: 0.7778, neg: 0.025, neu: 0.853, pos: 0.123, \n",
      "compound: 0.9255, neg: 0.035, neu: 0.842, pos: 0.123, \n",
      "compound: 0.7351, neg: 0.073, neu: 0.776, pos: 0.151, \n",
      "compound: 0.9849, neg: 0.017, neu: 0.793, pos: 0.19, \n",
      "compound: 0.6883, neg: 0.0, neu: 0.878, pos: 0.122, \n",
      "compound: 0.979, neg: 0.014, neu: 0.849, pos: 0.138, \n",
      "compound: 0.9273, neg: 0.0, neu: 0.833, pos: 0.167, \n",
      "compound: 0.9201, neg: 0.015, neu: 0.803, pos: 0.182, \n",
      "compound: 0.9757, neg: 0.0, neu: 0.797, pos: 0.203, \n",
      "compound: 0.9118, neg: 0.036, neu: 0.802, pos: 0.162, \n",
      "compound: 0.9626, neg: 0.041, neu: 0.743, pos: 0.216, \n",
      "compound: -0.8727, neg: 0.201, neu: 0.715, pos: 0.084, \n",
      "compound: 0.8588, neg: 0.0, neu: 0.788, pos: 0.212, \n",
      "compound: 0.8885, neg: 0.029, neu: 0.727, pos: 0.245, \n",
      "compound: 0.8047, neg: 0.045, neu: 0.737, pos: 0.218, \n",
      "compound: 0.7771, neg: 0.0, neu: 0.834, pos: 0.166, \n",
      "compound: 0.8306, neg: 0.0, neu: 0.783, pos: 0.217, \n",
      "compound: 0.8658, neg: 0.0, neu: 0.835, pos: 0.165, \n",
      "compound: 0.9186, neg: 0.0, neu: 0.762, pos: 0.238, \n",
      "compound: 0.8299, neg: 0.036, neu: 0.877, pos: 0.087, \n",
      "compound: 0.92, neg: 0.0, neu: 0.841, pos: 0.159, \n",
      "compound: 0.0159, neg: 0.044, neu: 0.926, pos: 0.03, \n",
      "compound: 0.9914, neg: 0.014, neu: 0.646, pos: 0.34, \n",
      "compound: 0.9817, neg: 0.043, neu: 0.806, pos: 0.151, \n",
      "compound: 0.9744, neg: 0.0, neu: 0.812, pos: 0.188, \n",
      "compound: 0.9722, neg: 0.054, neu: 0.74, pos: 0.206, \n",
      "compound: 0.9655, neg: 0.022, neu: 0.76, pos: 0.218, \n",
      "compound: 0.9507, neg: 0.029, neu: 0.759, pos: 0.212, \n",
      "compound: 0.9881, neg: 0.014, neu: 0.824, pos: 0.163, \n",
      "compound: 0.9081, neg: 0.0, neu: 0.822, pos: 0.178, \n",
      "compound: 0.7489, neg: 0.101, neu: 0.764, pos: 0.135, \n",
      "compound: 0.8122, neg: 0.0, neu: 0.755, pos: 0.245, \n",
      "compound: -0.6681, neg: 0.173, neu: 0.718, pos: 0.109, \n",
      "compound: 0.9091, neg: 0.0, neu: 0.821, pos: 0.179, \n",
      "compound: 0.875, neg: 0.0, neu: 0.867, pos: 0.133, \n",
      "compound: 0.9543, neg: 0.0, neu: 0.662, pos: 0.338, \n",
      "compound: 0.9909, neg: 0.02, neu: 0.59, pos: 0.39, \n",
      "compound: 0.987, neg: 0.0, neu: 0.69, pos: 0.31, \n",
      "compound: 0.9829, neg: 0.027, neu: 0.783, pos: 0.19, \n",
      "compound: 0.9912, neg: 0.0, neu: 0.711, pos: 0.289, \n",
      "compound: 0.9761, neg: 0.0, neu: 0.737, pos: 0.263, \n",
      "compound: 0.9468, neg: 0.0, neu: 0.647, pos: 0.353, \n",
      "compound: 0.9764, neg: 0.0, neu: 0.697, pos: 0.303, \n",
      "compound: 0.9707, neg: 0.0, neu: 0.57, pos: 0.43, \n",
      "compound: 0.9309, neg: 0.019, neu: 0.776, pos: 0.205, \n",
      "compound: 0.9583, neg: 0.0, neu: 0.673, pos: 0.327, \n",
      "compound: 0.9761, neg: 0.0, neu: 0.606, pos: 0.394, \n",
      "compound: 0.9568, neg: 0.042, neu: 0.713, pos: 0.245, \n",
      "compound: 0.9652, neg: 0.0, neu: 0.6, pos: 0.4, \n",
      "compound: 0.7184, neg: 0.0, neu: 0.818, pos: 0.182, \n",
      "compound: 0.9898, neg: 0.0, neu: 0.67, pos: 0.33, \n",
      "compound: 0.9876, neg: 0.042, neu: 0.672, pos: 0.285, \n",
      "compound: 0.8876, neg: 0.042, neu: 0.7, pos: 0.258, \n",
      "compound: 0.9876, neg: 0.014, neu: 0.581, pos: 0.405, \n",
      "compound: 0.9501, neg: 0.0, neu: 0.821, pos: 0.179, \n",
      "compound: 0.6794, neg: 0.02, neu: 0.907, pos: 0.072, \n",
      "compound: 0.9958, neg: 0.018, neu: 0.839, pos: 0.143, \n",
      "compound: 0.9516, neg: 0.018, neu: 0.893, pos: 0.089, \n",
      "compound: 0.8588, neg: 0.0, neu: 0.835, pos: 0.165, \n",
      "compound: 0.8591, neg: 0.021, neu: 0.851, pos: 0.128, \n",
      "compound: 0.9337, neg: 0.0, neu: 0.836, pos: 0.164, \n",
      "compound: 0.9587, neg: 0.052, neu: 0.744, pos: 0.204, \n",
      "compound: 0.9758, neg: 0.024, neu: 0.839, pos: 0.137, \n",
      "compound: 0.9585, neg: 0.025, neu: 0.751, pos: 0.224, \n",
      "compound: 0.986, neg: 0.06, neu: 0.828, pos: 0.113, \n",
      "compound: -0.5267, neg: 0.089, neu: 0.911, pos: 0.0, \n",
      "compound: 0.9876, neg: 0.0, neu: 0.743, pos: 0.257, \n",
      "compound: 0.9295, neg: 0.027, neu: 0.736, pos: 0.238, \n",
      "compound: 0.9913, neg: 0.0, neu: 0.713, pos: 0.287, \n",
      "compound: 0.9413, neg: 0.0, neu: 0.676, pos: 0.324, \n",
      "compound: 0.9872, neg: 0.034, neu: 0.704, pos: 0.262, \n",
      "compound: 0.9485, neg: 0.0, neu: 0.672, pos: 0.328, \n",
      "compound: 0.9708, neg: 0.02, neu: 0.763, pos: 0.217, \n",
      "compound: 0.9607, neg: 0.0, neu: 0.657, pos: 0.343, \n",
      "compound: 0.7642, neg: 0.035, neu: 0.846, pos: 0.119, \n",
      "compound: 0.9274, neg: 0.027, neu: 0.78, pos: 0.193, \n",
      "compound: 0.9833, neg: 0.025, neu: 0.679, pos: 0.296, \n",
      "compound: 0.9872, neg: 0.0, neu: 0.624, pos: 0.376, \n",
      "compound: 0.9705, neg: 0.02, neu: 0.868, pos: 0.112, \n"
     ]
    },
    {
     "name": "stdout",
     "output_type": "stream",
     "text": [
      "compound: 0.9705, neg: 0.02, neu: 0.868, pos: 0.112, \n",
      "compound: 0.6096, neg: 0.083, neu: 0.76, pos: 0.157, \n",
      "compound: 0.9685, neg: 0.0, neu: 0.732, pos: 0.268, \n",
      "compound: 0.9792, neg: 0.0, neu: 0.755, pos: 0.245, \n",
      "compound: 0.9965, neg: 0.039, neu: 0.767, pos: 0.195, \n",
      "compound: 0.9203, neg: 0.0, neu: 0.882, pos: 0.118, \n",
      "compound: 0.9419, neg: 0.0, neu: 0.731, pos: 0.269, \n",
      "compound: 0.9617, neg: 0.063, neu: 0.703, pos: 0.234, \n",
      "compound: 0.9752, neg: 0.0, neu: 0.693, pos: 0.307, \n",
      "compound: 0.9479, neg: 0.087, neu: 0.76, pos: 0.153, \n",
      "compound: 0.9645, neg: 0.048, neu: 0.86, pos: 0.092, \n",
      "compound: 0.9959, neg: 0.0, neu: 0.756, pos: 0.244, \n",
      "compound: 0.9892, neg: 0.0, neu: 0.688, pos: 0.312, \n",
      "compound: 0.9797, neg: 0.026, neu: 0.762, pos: 0.212, \n",
      "compound: 0.9939, neg: 0.023, neu: 0.731, pos: 0.246, \n",
      "compound: 0.7955, neg: 0.045, neu: 0.771, pos: 0.183, \n",
      "compound: 0.9941, neg: 0.007, neu: 0.738, pos: 0.255, \n",
      "compound: 0.9537, neg: 0.0, neu: 0.629, pos: 0.371, \n",
      "compound: 0.988, neg: 0.0, neu: 0.662, pos: 0.338, \n",
      "compound: 0.9727, neg: 0.0, neu: 0.763, pos: 0.237, \n",
      "compound: 0.9789, neg: 0.025, neu: 0.648, pos: 0.327, \n",
      "compound: -0.9608, neg: 0.194, neu: 0.77, pos: 0.035, \n",
      "compound: 0.988, neg: 0.0, neu: 0.681, pos: 0.319, \n",
      "compound: 0.9378, neg: 0.0, neu: 0.674, pos: 0.326, \n",
      "compound: 0.9902, neg: 0.0, neu: 0.745, pos: 0.255, \n",
      "compound: 0.9599, neg: 0.0, neu: 0.681, pos: 0.319, \n",
      "compound: 0.7317, neg: 0.038, neu: 0.817, pos: 0.145, \n",
      "compound: 0.9627, neg: 0.0, neu: 0.603, pos: 0.397, \n",
      "compound: 0.9883, neg: 0.04, neu: 0.691, pos: 0.269, \n",
      "compound: 0.8622, neg: 0.0, neu: 0.894, pos: 0.106, \n",
      "compound: 0.9693, neg: 0.0, neu: 0.608, pos: 0.392, \n",
      "compound: 0.7564, neg: 0.0, neu: 0.878, pos: 0.122, \n",
      "compound: 0.6231, neg: 0.079, neu: 0.796, pos: 0.125, \n",
      "compound: 0.9577, neg: 0.059, neu: 0.641, pos: 0.3, \n",
      "compound: 0.9637, neg: 0.0, neu: 0.672, pos: 0.328, \n",
      "compound: 0.9995, neg: 0.002, neu: 0.752, pos: 0.245, \n",
      "compound: 0.9835, neg: 0.0, neu: 0.539, pos: 0.461, \n",
      "compound: -0.1034, neg: 0.07, neu: 0.862, pos: 0.068, \n",
      "compound: 0.9946, neg: 0.056, neu: 0.741, pos: 0.204, \n",
      "compound: 0.8442, neg: 0.039, neu: 0.839, pos: 0.123, \n",
      "compound: 0.9021, neg: 0.046, neu: 0.684, pos: 0.27, \n",
      "compound: 0.9565, neg: 0.0, neu: 0.736, pos: 0.264, \n",
      "compound: 0.8934, neg: 0.0, neu: 0.755, pos: 0.245, \n",
      "compound: 0.7088, neg: 0.0, neu: 0.852, pos: 0.148, \n",
      "compound: 0.9753, neg: 0.02, neu: 0.733, pos: 0.247, \n",
      "compound: 0.9735, neg: 0.0, neu: 0.598, pos: 0.402, \n",
      "compound: 0.9678, neg: 0.0, neu: 0.815, pos: 0.185, \n",
      "compound: 0.9306, neg: 0.028, neu: 0.721, pos: 0.25, \n",
      "compound: 0.991, neg: 0.0, neu: 0.719, pos: 0.281, \n",
      "compound: 0.9905, neg: 0.018, neu: 0.785, pos: 0.197, \n",
      "compound: 0.9799, neg: 0.024, neu: 0.825, pos: 0.151, \n",
      "compound: 0.9861, neg: 0.0, neu: 0.596, pos: 0.404, \n",
      "compound: 0.9844, neg: 0.031, neu: 0.704, pos: 0.266, \n",
      "compound: 0.9917, neg: 0.0, neu: 0.689, pos: 0.311, \n",
      "compound: 0.9935, neg: 0.0, neu: 0.64, pos: 0.36, \n",
      "compound: 0.9595, neg: 0.029, neu: 0.76, pos: 0.212, \n",
      "compound: 0.9637, neg: 0.0, neu: 0.667, pos: 0.333, \n",
      "compound: 0.9861, neg: 0.029, neu: 0.532, pos: 0.439, \n",
      "compound: 0.9903, neg: 0.0, neu: 0.625, pos: 0.375, \n",
      "compound: 0.9587, neg: 0.0, neu: 0.66, pos: 0.34, \n",
      "compound: 0.8078, neg: 0.029, neu: 0.832, pos: 0.139, \n",
      "compound: 0.9755, neg: 0.037, neu: 0.826, pos: 0.137, \n",
      "compound: 0.9622, neg: 0.0, neu: 0.517, pos: 0.483, \n",
      "compound: 0.9979, neg: 0.018, neu: 0.712, pos: 0.27, \n",
      "compound: 0.9946, neg: 0.012, neu: 0.742, pos: 0.246, \n",
      "compound: 0.992, neg: 0.0, neu: 0.717, pos: 0.283, \n",
      "compound: 0.9951, neg: 0.01, neu: 0.783, pos: 0.207, \n",
      "compound: 0.9704, neg: 0.0, neu: 0.615, pos: 0.385, \n",
      "compound: 0.9423, neg: 0.0, neu: 0.706, pos: 0.294, \n",
      "compound: 0.9308, neg: 0.0, neu: 0.669, pos: 0.331, \n",
      "compound: 0.9977, neg: 0.014, neu: 0.816, pos: 0.17, \n",
      "compound: 0.9979, neg: 0.013, neu: 0.728, pos: 0.259, \n",
      "compound: 0.9645, neg: 0.0, neu: 0.804, pos: 0.196, \n",
      "compound: 0.9673, neg: 0.0, neu: 0.634, pos: 0.366, \n",
      "compound: 0.9464, neg: 0.024, neu: 0.874, pos: 0.103, \n",
      "compound: 0.4649, neg: 0.052, neu: 0.831, pos: 0.117, \n",
      "compound: 0.9823, neg: 0.0, neu: 0.672, pos: 0.328, \n",
      "compound: 0.9913, neg: 0.022, neu: 0.704, pos: 0.274, \n",
      "compound: 0.9468, neg: 0.0, neu: 0.631, pos: 0.369, \n",
      "compound: 0.9477, neg: 0.0, neu: 0.69, pos: 0.31, \n",
      "compound: 0.9116, neg: 0.0, neu: 0.822, pos: 0.178, \n",
      "compound: 0.9824, neg: 0.009, neu: 0.775, pos: 0.216, \n",
      "compound: 0.9967, neg: 0.012, neu: 0.71, pos: 0.279, \n",
      "compound: 0.9945, neg: 0.01, neu: 0.753, pos: 0.237, \n",
      "compound: 0.9981, neg: 0.017, neu: 0.727, pos: 0.256, \n",
      "compound: 0.9888, neg: 0.0, neu: 0.408, pos: 0.592, \n",
      "compound: 0.995, neg: 0.051, neu: 0.609, pos: 0.34, \n",
      "compound: 0.9712, neg: 0.0, neu: 0.725, pos: 0.275, \n",
      "compound: 0.1511, neg: 0.045, neu: 0.898, pos: 0.057, \n",
      "compound: 0.9829, neg: 0.0, neu: 0.687, pos: 0.313, \n",
      "compound: 0.9908, neg: 0.036, neu: 0.594, pos: 0.37, \n",
      "compound: 0.9672, neg: 0.0, neu: 0.614, pos: 0.386, \n",
      "compound: 0.9685, neg: 0.027, neu: 0.703, pos: 0.27, \n",
      "compound: 0.8836, neg: 0.038, neu: 0.799, pos: 0.163, \n",
      "compound: 0.98, neg: 0.0, neu: 0.684, pos: 0.316, \n",
      "compound: 0.9369, neg: 0.079, neu: 0.549, pos: 0.372, \n",
      "compound: 0.9858, neg: 0.0, neu: 0.571, pos: 0.429, \n",
      "compound: 0.9477, neg: 0.0, neu: 0.76, pos: 0.24, \n",
      "compound: 0.8122, neg: 0.083, neu: 0.762, pos: 0.154, \n",
      "compound: 0.8906, neg: 0.0, neu: 0.799, pos: 0.201, \n",
      "compound: 0.9456, neg: 0.0, neu: 0.571, pos: 0.429, \n",
      "compound: 0.9568, neg: 0.044, neu: 0.799, pos: 0.157, \n",
      "compound: -0.296, neg: 0.034, neu: 0.933, pos: 0.033, \n",
      "compound: 0.9216, neg: 0.069, neu: 0.572, pos: 0.359, \n",
      "compound: -0.8311, neg: 0.153, neu: 0.82, pos: 0.027, \n",
      "compound: -0.2828, neg: 0.094, neu: 0.851, pos: 0.055, \n",
      "compound: 0.9128, neg: 0.0, neu: 0.723, pos: 0.277, \n",
      "compound: 0.9485, neg: 0.0, neu: 0.659, pos: 0.341, \n",
      "compound: -0.8225, neg: 0.167, neu: 0.833, pos: 0.0, \n",
      "compound: 0.5006, neg: 0.088, neu: 0.782, pos: 0.13, \n",
      "compound: 0.9423, neg: 0.026, neu: 0.72, pos: 0.254, \n",
      "compound: 0.8619, neg: 0.059, neu: 0.819, pos: 0.122, \n",
      "compound: -0.1508, neg: 0.079, neu: 0.853, pos: 0.068, \n",
      "compound: 0.9423, neg: 0.026, neu: 0.859, pos: 0.115, \n",
      "compound: 0.635, neg: 0.071, neu: 0.822, pos: 0.107, \n",
      "compound: 0.9885, neg: 0.028, neu: 0.802, pos: 0.17, \n",
      "compound: 0.9765, neg: 0.0, neu: 0.716, pos: 0.284, \n",
      "compound: 0.6908, neg: 0.052, neu: 0.847, pos: 0.102, \n",
      "compound: 0.9402, neg: 0.053, neu: 0.731, pos: 0.216, \n",
      "compound: 0.9772, neg: 0.0, neu: 0.785, pos: 0.215, \n",
      "compound: 0.9643, neg: 0.066, neu: 0.723, pos: 0.211, \n",
      "compound: 0.937, neg: 0.0, neu: 0.832, pos: 0.168, \n",
      "compound: 0.9975, neg: 0.009, neu: 0.767, pos: 0.224, \n",
      "compound: 0.9731, neg: 0.0, neu: 0.766, pos: 0.234, \n",
      "compound: 0.9695, neg: 0.0, neu: 0.7, pos: 0.3, \n",
      "compound: 0.9666, neg: 0.0, neu: 0.742, pos: 0.258, \n",
      "compound: 0.9818, neg: 0.014, neu: 0.769, pos: 0.217, \n",
      "compound: 0.9462, neg: 0.031, neu: 0.852, pos: 0.117, \n",
      "compound: 0.9493, neg: 0.0, neu: 0.739, pos: 0.261, \n",
      "compound: 0.0305, neg: 0.03, neu: 0.939, pos: 0.032, \n",
      "compound: -0.8198, neg: 0.118, neu: 0.819, pos: 0.064, \n",
      "compound: -0.9417, neg: 0.115, neu: 0.885, pos: 0.0, \n",
      "compound: 0.872, neg: 0.0, neu: 0.78, pos: 0.22, \n",
      "compound: -0.9342, neg: 0.092, neu: 0.887, pos: 0.021, \n",
      "compound: 0.9916, neg: 0.039, neu: 0.708, pos: 0.252, \n",
      "compound: 0.9861, neg: 0.012, neu: 0.808, pos: 0.18, \n",
      "compound: 0.8442, neg: 0.032, neu: 0.801, pos: 0.167, \n",
      "compound: 0.8288, neg: 0.019, neu: 0.893, pos: 0.088, \n",
      "compound: 0.9407, neg: 0.0, neu: 0.805, pos: 0.195, \n",
      "compound: 0.9239, neg: 0.051, neu: 0.814, pos: 0.136, \n",
      "compound: -0.7328, neg: 0.092, neu: 0.857, pos: 0.051, \n",
      "compound: 0.9081, neg: 0.035, neu: 0.701, pos: 0.264, \n",
      "compound: 0.9336, neg: 0.0, neu: 0.707, pos: 0.293, \n",
      "compound: 0.9799, neg: 0.0, neu: 0.804, pos: 0.196, \n",
      "compound: 0.7959, neg: 0.009, neu: 0.947, pos: 0.044, \n",
      "compound: 0.9726, neg: 0.033, neu: 0.586, pos: 0.381, \n",
      "compound: 0.8519, neg: 0.0, neu: 0.795, pos: 0.205, \n",
      "compound: 0.93, neg: 0.0, neu: 0.787, pos: 0.213, \n",
      "compound: 0.9324, neg: 0.0, neu: 0.762, pos: 0.238, \n",
      "compound: 0.9513, neg: 0.02, neu: 0.707, pos: 0.273, \n",
      "compound: -0.1317, neg: 0.046, neu: 0.91, pos: 0.043, \n",
      "compound: 0.97, neg: 0.012, neu: 0.87, pos: 0.117, \n",
      "compound: 0.1629, neg: 0.054, neu: 0.883, pos: 0.062, \n",
      "compound: 0.7504, neg: 0.036, neu: 0.816, pos: 0.149, \n",
      "compound: 0.0129, neg: 0.027, neu: 0.939, pos: 0.034, \n",
      "compound: 0.9858, neg: 0.0, neu: 0.706, pos: 0.294, \n",
      "compound: 0.9852, neg: 0.0, neu: 0.733, pos: 0.267, \n",
      "compound: 0.8955, neg: 0.091, neu: 0.617, pos: 0.292, \n",
      "compound: 0.9543, neg: 0.013, neu: 0.831, pos: 0.156, \n",
      "compound: 0.875, neg: 0.0, neu: 0.776, pos: 0.224, \n",
      "compound: 0.986, neg: 0.016, neu: 0.787, pos: 0.198, \n",
      "compound: 0.9063, neg: 0.023, neu: 0.851, pos: 0.126, \n",
      "compound: 0.9154, neg: 0.105, neu: 0.709, pos: 0.186, \n",
      "compound: 0.9813, neg: 0.0, neu: 0.763, pos: 0.237, \n",
      "compound: 0.2077, neg: 0.098, neu: 0.773, pos: 0.129, \n",
      "compound: 0.7964, neg: 0.058, neu: 0.837, pos: 0.105, \n",
      "compound: 0.5808, neg: 0.187, neu: 0.575, pos: 0.238, \n",
      "compound: 0.9824, neg: 0.095, neu: 0.638, pos: 0.268, \n",
      "compound: -0.8268, neg: 0.103, neu: 0.816, pos: 0.081, \n",
      "compound: -0.9752, neg: 0.132, neu: 0.798, pos: 0.07, \n",
      "compound: 0.9299, neg: 0.016, neu: 0.858, pos: 0.126, \n",
      "compound: -0.0772, neg: 0.084, neu: 0.823, pos: 0.093, \n",
      "compound: 0.3182, neg: 0.0, neu: 0.948, pos: 0.052, \n",
      "compound: 0.8717, neg: 0.081, neu: 0.782, pos: 0.137, \n",
      "compound: 0.8622, neg: 0.09, neu: 0.662, pos: 0.248, \n",
      "compound: 0.8514, neg: 0.0, neu: 0.808, pos: 0.192, \n",
      "compound: 0.9193, neg: 0.014, neu: 0.88, pos: 0.107, \n",
      "compound: 0.9574, neg: 0.0, neu: 0.576, pos: 0.424, \n",
      "compound: -0.4603, neg: 0.074, neu: 0.885, pos: 0.04, \n",
      "compound: 0.9161, neg: 0.0, neu: 0.785, pos: 0.215, \n"
     ]
    },
    {
     "name": "stdout",
     "output_type": "stream",
     "text": [
      "compound: 0.9313, neg: 0.0, neu: 0.768, pos: 0.232, \n",
      "compound: 0.9987, neg: 0.026, neu: 0.822, pos: 0.151, \n",
      "compound: 0.9354, neg: 0.046, neu: 0.773, pos: 0.181, \n",
      "compound: 0.0772, neg: 0.0, neu: 0.969, pos: 0.031, \n",
      "compound: 0.9601, neg: 0.0, neu: 0.757, pos: 0.243, \n",
      "compound: -0.3291, neg: 0.106, neu: 0.805, pos: 0.089, \n",
      "compound: 0.902, neg: 0.05, neu: 0.777, pos: 0.173, \n",
      "compound: 0.9274, neg: 0.04, neu: 0.701, pos: 0.258, \n",
      "compound: 0.9615, neg: 0.0, neu: 0.616, pos: 0.384, \n",
      "compound: 0.9159, neg: 0.018, neu: 0.864, pos: 0.118, \n",
      "compound: 0.9768, neg: 0.045, neu: 0.748, pos: 0.207, \n",
      "compound: 0.9701, neg: 0.0, neu: 0.642, pos: 0.358, \n",
      "compound: 0.9168, neg: 0.0, neu: 0.755, pos: 0.245, \n",
      "compound: 0.9781, neg: 0.075, neu: 0.708, pos: 0.217, \n",
      "compound: 0.9134, neg: 0.0, neu: 0.713, pos: 0.287, \n",
      "compound: 0.9386, neg: 0.032, neu: 0.741, pos: 0.227, \n",
      "compound: 0.2924, neg: 0.073, neu: 0.82, pos: 0.107, \n",
      "compound: 0.9493, neg: 0.0, neu: 0.658, pos: 0.342, \n",
      "compound: 0.9389, neg: 0.018, neu: 0.831, pos: 0.151, \n",
      "compound: 0.9459, neg: 0.0, neu: 0.758, pos: 0.242, \n",
      "compound: 0.8979, neg: 0.038, neu: 0.829, pos: 0.133, \n",
      "compound: 0.9791, neg: 0.014, neu: 0.823, pos: 0.162, \n",
      "compound: 0.9523, neg: 0.0, neu: 0.733, pos: 0.267, \n",
      "compound: 0.6542, neg: 0.0, neu: 0.904, pos: 0.096, \n",
      "compound: 0.9876, neg: 0.019, neu: 0.735, pos: 0.246, \n",
      "compound: 0.9885, neg: 0.036, neu: 0.711, pos: 0.253, \n",
      "compound: 0.9096, neg: 0.014, neu: 0.894, pos: 0.092, \n",
      "compound: 0.9558, neg: 0.0, neu: 0.703, pos: 0.297, \n",
      "compound: 0.9637, neg: 0.019, neu: 0.691, pos: 0.29, \n",
      "compound: 0.9627, neg: 0.049, neu: 0.75, pos: 0.201, \n",
      "compound: 0.8202, neg: 0.067, neu: 0.803, pos: 0.129, \n",
      "compound: 0.4975, neg: 0.055, neu: 0.879, pos: 0.066, \n",
      "compound: 0.9272, neg: 0.0, neu: 0.702, pos: 0.298, \n",
      "compound: 0.9468, neg: 0.0, neu: 0.681, pos: 0.319, \n",
      "compound: 0.8625, neg: 0.0, neu: 0.814, pos: 0.186, \n",
      "compound: 0.9798, neg: 0.0, neu: 0.509, pos: 0.491, \n",
      "compound: 0.9945, neg: 0.043, neu: 0.806, pos: 0.151, \n",
      "compound: -0.1415, neg: 0.041, neu: 0.912, pos: 0.047, \n",
      "compound: 0.9595, neg: 0.0, neu: 0.738, pos: 0.262, \n",
      "compound: 0.6908, neg: 0.0, neu: 0.787, pos: 0.213, \n",
      "compound: 0.921, neg: 0.05, neu: 0.815, pos: 0.135, \n",
      "compound: 0.9872, neg: 0.079, neu: 0.708, pos: 0.212, \n",
      "compound: 0.8654, neg: 0.062, neu: 0.662, pos: 0.276, \n",
      "compound: 0.9595, neg: 0.036, neu: 0.633, pos: 0.331, \n",
      "compound: 0.6705, neg: 0.026, neu: 0.918, pos: 0.057, \n",
      "compound: 0.9834, neg: 0.0, neu: 0.856, pos: 0.144, \n",
      "compound: 0.7783, neg: 0.057, neu: 0.799, pos: 0.144, \n",
      "compound: 0.9449, neg: 0.038, neu: 0.878, pos: 0.084, \n",
      "compound: 0.8883, neg: 0.0, neu: 0.777, pos: 0.223, \n",
      "compound: 0.8608, neg: 0.0, neu: 0.84, pos: 0.16, \n",
      "compound: 0.946, neg: 0.0, neu: 0.626, pos: 0.374, \n",
      "compound: 0.9422, neg: 0.0, neu: 0.675, pos: 0.325, \n",
      "compound: 0.9674, neg: 0.062, neu: 0.69, pos: 0.248, \n",
      "compound: 0.9544, neg: 0.0, neu: 0.717, pos: 0.283, \n",
      "compound: 0.8615, neg: 0.046, neu: 0.812, pos: 0.142, \n",
      "compound: 0.9712, neg: 0.0, neu: 0.687, pos: 0.313, \n",
      "compound: 0.9298, neg: 0.0, neu: 0.723, pos: 0.277, \n",
      "compound: 0.9066, neg: 0.035, neu: 0.855, pos: 0.111, \n",
      "compound: 0.7351, neg: 0.0, neu: 0.863, pos: 0.137, \n",
      "compound: 0.9714, neg: 0.033, neu: 0.589, pos: 0.378, \n",
      "compound: 0.8834, neg: 0.03, neu: 0.869, pos: 0.101, \n",
      "compound: 0.8687, neg: 0.0, neu: 0.833, pos: 0.167, \n",
      "compound: 0.987, neg: 0.0, neu: 0.79, pos: 0.21, \n",
      "compound: 0.7547, neg: 0.12, neu: 0.658, pos: 0.222, \n",
      "compound: 0.3597, neg: 0.067, neu: 0.842, pos: 0.09, \n",
      "compound: 0.9883, neg: 0.0, neu: 0.748, pos: 0.252, \n",
      "compound: 0.9339, neg: 0.026, neu: 0.807, pos: 0.167, \n",
      "compound: 0.9349, neg: 0.036, neu: 0.677, pos: 0.287, \n",
      "compound: 0.9834, neg: 0.0, neu: 0.758, pos: 0.242, \n",
      "compound: 0.965, neg: 0.017, neu: 0.814, pos: 0.169, \n",
      "compound: 0.9632, neg: 0.059, neu: 0.782, pos: 0.159, \n",
      "compound: 0.8903, neg: 0.0, neu: 0.815, pos: 0.185, \n",
      "compound: 0.5908, neg: 0.0, neu: 0.924, pos: 0.076, \n",
      "compound: 0.9626, neg: 0.0, neu: 0.739, pos: 0.261, \n",
      "compound: 0.9079, neg: 0.0, neu: 0.447, pos: 0.553, \n",
      "compound: 0.9896, neg: 0.018, neu: 0.79, pos: 0.191, \n",
      "compound: 0.9929, neg: 0.0, neu: 0.699, pos: 0.301, \n",
      "compound: 0.9571, neg: 0.0, neu: 0.755, pos: 0.245, \n",
      "compound: -0.1531, neg: 0.046, neu: 0.911, pos: 0.042, \n",
      "compound: 0.8295, neg: 0.107, neu: 0.714, pos: 0.179, \n",
      "compound: 0.7574, neg: 0.097, neu: 0.776, pos: 0.126, \n",
      "compound: -0.7959, neg: 0.102, neu: 0.833, pos: 0.065, \n",
      "compound: 0.9481, neg: 0.095, neu: 0.72, pos: 0.186, \n",
      "compound: 0.9916, neg: 0.022, neu: 0.709, pos: 0.269, \n",
      "compound: -0.6433, neg: 0.064, neu: 0.894, pos: 0.042, \n",
      "compound: -0.7102, neg: 0.143, neu: 0.815, pos: 0.042, \n",
      "compound: -0.9033, neg: 0.091, neu: 0.852, pos: 0.057, \n",
      "compound: 0.9344, neg: 0.075, neu: 0.762, pos: 0.162, \n",
      "compound: -0.836, neg: 0.183, neu: 0.786, pos: 0.031, \n",
      "compound: 0.0422, neg: 0.121, neu: 0.756, pos: 0.123, \n",
      "compound: 0.4848, neg: 0.0, neu: 0.923, pos: 0.077, \n",
      "compound: 0.9672, neg: 0.036, neu: 0.865, pos: 0.099, \n",
      "compound: 0.9801, neg: 0.0, neu: 0.804, pos: 0.196, \n",
      "compound: 0.9629, neg: 0.0, neu: 0.777, pos: 0.223, \n",
      "compound: 0.8954, neg: 0.029, neu: 0.814, pos: 0.157, \n",
      "compound: 0.9885, neg: 0.042, neu: 0.753, pos: 0.205, \n",
      "compound: 0.9704, neg: 0.0, neu: 0.672, pos: 0.328, \n",
      "compound: 0.9906, neg: 0.0, neu: 0.595, pos: 0.405, \n",
      "compound: 0.9935, neg: 0.01, neu: 0.721, pos: 0.269, \n",
      "compound: 0.9753, neg: 0.03, neu: 0.729, pos: 0.241, \n",
      "compound: 0.9691, neg: 0.029, neu: 0.654, pos: 0.318, \n",
      "compound: 0.9708, neg: 0.0, neu: 0.577, pos: 0.423, \n",
      "compound: 0.995, neg: 0.0, neu: 0.645, pos: 0.355, \n",
      "compound: 0.9826, neg: 0.034, neu: 0.391, pos: 0.575, \n",
      "compound: 0.9563, neg: 0.0, neu: 0.613, pos: 0.387, \n",
      "compound: 0.9821, neg: 0.0, neu: 0.619, pos: 0.381, \n",
      "compound: 0.92, neg: 0.0, neu: 0.728, pos: 0.272, \n",
      "compound: 0.9738, neg: 0.0, neu: 0.666, pos: 0.334, \n",
      "compound: 0.9828, neg: 0.018, neu: 0.522, pos: 0.46, \n",
      "compound: 0.9422, neg: 0.0, neu: 0.755, pos: 0.245, \n",
      "compound: 0.8772, neg: 0.0, neu: 0.749, pos: 0.251, \n",
      "compound: 0.9777, neg: 0.0, neu: 0.584, pos: 0.416, \n",
      "compound: 0.9674, neg: 0.028, neu: 0.702, pos: 0.27, \n",
      "compound: 0.9666, neg: 0.0, neu: 0.604, pos: 0.396, \n",
      "compound: 0.95, neg: 0.0, neu: 0.795, pos: 0.205, \n",
      "compound: 0.9701, neg: 0.0, neu: 0.71, pos: 0.29, \n",
      "compound: 0.9834, neg: 0.0, neu: 0.684, pos: 0.316, \n",
      "compound: 0.9772, neg: 0.0, neu: 0.578, pos: 0.422, \n",
      "compound: 0.9857, neg: 0.0, neu: 0.802, pos: 0.198, \n",
      "compound: 0.9364, neg: 0.0, neu: 0.691, pos: 0.309, \n",
      "compound: 0.9716, neg: 0.0, neu: 0.532, pos: 0.468, \n",
      "compound: 0.9402, neg: 0.0, neu: 0.69, pos: 0.31, \n",
      "compound: 0.9831, neg: 0.0, neu: 0.539, pos: 0.461, \n",
      "compound: 0.9657, neg: 0.0, neu: 0.814, pos: 0.186, \n",
      "compound: 0.7569, neg: 0.024, neu: 0.842, pos: 0.134, \n",
      "compound: 0.9528, neg: 0.0, neu: 0.658, pos: 0.342, \n",
      "compound: 0.9808, neg: 0.0, neu: 0.52, pos: 0.48, \n",
      "compound: 0.9901, neg: 0.0, neu: 0.729, pos: 0.271, \n",
      "compound: 0.9595, neg: 0.0, neu: 0.632, pos: 0.368, \n",
      "compound: 0.9918, neg: 0.023, neu: 0.628, pos: 0.349, \n",
      "compound: 0.9686, neg: 0.03, neu: 0.667, pos: 0.303, \n",
      "compound: 0.9257, neg: 0.087, neu: 0.604, pos: 0.309, \n",
      "compound: 0.9799, neg: 0.034, neu: 0.508, pos: 0.458, \n",
      "compound: 0.9865, neg: 0.0, neu: 0.62, pos: 0.38, \n",
      "compound: 0.941, neg: 0.063, neu: 0.617, pos: 0.319, \n",
      "compound: 0.9823, neg: 0.024, neu: 0.732, pos: 0.244, \n",
      "compound: 0.9228, neg: 0.0, neu: 0.719, pos: 0.281, \n",
      "compound: 0.976, neg: 0.0, neu: 0.648, pos: 0.352, \n",
      "compound: 0.8122, neg: 0.031, neu: 0.896, pos: 0.073, \n",
      "compound: 0.9951, neg: 0.011, neu: 0.66, pos: 0.33, \n",
      "compound: 0.8122, neg: 0.0, neu: 0.792, pos: 0.208, \n",
      "compound: 0.9829, neg: 0.0, neu: 0.447, pos: 0.553, \n",
      "compound: 0.9672, neg: 0.0, neu: 0.653, pos: 0.347, \n",
      "compound: 0.9797, neg: 0.021, neu: 0.692, pos: 0.287, \n",
      "compound: 0.9836, neg: 0.0, neu: 0.624, pos: 0.376, \n",
      "compound: 0.8271, neg: 0.079, neu: 0.717, pos: 0.204, \n",
      "compound: 0.9839, neg: 0.0, neu: 0.537, pos: 0.463, \n",
      "compound: 0.9892, neg: 0.0, neu: 0.542, pos: 0.458, \n",
      "compound: -0.9394, neg: 0.111, neu: 0.847, pos: 0.042, \n",
      "compound: 0.9381, neg: 0.0, neu: 0.855, pos: 0.145, \n",
      "compound: 0.9199, neg: 0.02, neu: 0.842, pos: 0.138, \n",
      "compound: 0.9875, neg: 0.118, neu: 0.566, pos: 0.317, \n",
      "compound: -0.8802, neg: 0.259, neu: 0.741, pos: 0.0, \n",
      "compound: 0.9904, neg: 0.0, neu: 0.519, pos: 0.481, \n",
      "compound: 0.9813, neg: 0.0, neu: 0.756, pos: 0.244, \n",
      "compound: 0.9934, neg: 0.0, neu: 0.828, pos: 0.172, \n",
      "compound: 0.9571, neg: 0.0, neu: 0.738, pos: 0.262, \n",
